-133.3955259998773
-107.26411809522169
-74.65645450716892
-66.55568650210616
-61.3872857454607
-61.46567318500603
-63.98776114305029
-63.683514499467236
-59.536323594462374
-63.0578239202328
-75.44628636739151
-58.91063286464162
-76.68933671172869
-58.502476962111366
-63.98456517042165
-58.502476962111366
-70.20710835679867
-69.70209284685099
-63.59560883222187
-61.08921520370111
-70.09803942958737
-61.67242092418837
-57.6762862672651
-75.04117770797589
-71.2969221773657
-61.820768783165626
-70.08560641177515
-60.6617083779025
-58.50484333404436
-74.70699005222541
-57.61736786463038
-83.8633546453346
-58.606262794844355
-60.756160855376905
-57.06219475112134
-58.606262794844355
-57.016691725569515
-60.25932632758975
-58.606262794844355
-61.012701635606305
-61.014664282696685
-65.77332462534473
-61.1524256015047
-57.016691725569515
-58.53288855803733
-60.6547108087301
-61.50543665062304
-68.61322837724944
-59.63333136506038
-59.57173925296854
-67.27424715798436
-60.10630420265563
-60.07790763605441
-62.661071552202614
-58.21324139692855
-56.43730593070721
-58.367700659807106
-60.76546060407104
-56.237114550956115
-56.237114550956115
-58.367700659807106
-66.88679411870102
-62.207214781542625
-58.5774989880047
-58.5774989880047
-58.1539413971085
-58.367700659807106
-65.77332462534473
